$ANSIBLE_VAULT;1.1;AES256
32663664356536386531393138333639653433393163313034656633656135356139643964633331
3663313762316132626639353036623737323232386663340a646334646566653465643433363065
30636338363432633837363666356537636362653964336336356636613365383632363661383534
3330356165336433390a333662663337656630343938353563336339633736656432393766643238
31656635363561376638393062363934336532363037323633643139346565636461356234386639
36346330303066306632326262666539616331303861363137303864343337336439666334656138
63653464633533616436636464313431313639643863383433613562623931343735323463373533
32643231623736666465343838343734663163623735643635393465356335333162383437366130
64363532356432376630313734323537396630343333636666326464613734356237363839643436
63396661623033613430303333303037656562373331383932383338396663663830633633346133
30393839313263323864343232376361346333376130623236616338396162356264383436323061
30623432613134376161373339343333326366396136386634646635363736643635346330386438
36393235626532353165333863346561643663333330366236303536306339666432643361333832
64626561613431636139646264643365323130313730316563346134656136353434336636326363
64643061653938633962356634353264373838353262353432356662353334653931313762306330
64346436393463333866613966313936636631393163333638373535636635333366313032613431
65363138316537393061613136393835656634656134313265616362616536656565346365323763
33343961633062366639303738373362376134653137373138653033316361373431373134646133
31373661326363386162633137343630393131316434393934663734646333646633303737393833
65383165383431323530376339323632363337393665636132626431333032373833666237626166
30356561643562653565383864626232346138393935346339323033346263626230616363363337
31333737653831653563336430353732656563663066303531366161633430316261363932353265
30393266373661326561366265636335346632336633613438613532333937366561613036316664
64363930303436313035343934623463336664656465636163663233663665336234363633306532
61643864386437353961303435303132353765336434646530346539346134633732396439396435
33353061666235336432633064653330386463313633383762336535646565396266653865363338
61373265656530636562336562363837646230373163636664336364333639323263386431383564
38663461333166323339
