$ANSIBLE_VAULT;1.1;AES256
62316265663638663732666337323465313035653462613166616638383863643761306533316234
6433386665373063313638646635616538383039633634660a663634303631663863373162303565
33373232363666306536373736623165366465633234313830653333346439303765313763633030
3563643135363438360a623530656138643131653166663235363861643239323266346261346561
39623166373866303763393930643438643966383365616331646264653362643338343061366664
30613539643430646162333438353037303637366161623338303261316231343136353435353735
63313635313231343062383562616464336634653033303135373830613435656338653966633837
37343830363836306535666462626533326134326137366666613636343336356531303564333164
65666136643866653164393237623736326339663961646666366339343539636330613230306133
64636337383235346631363466643835396265613764373132373137666330666665333631356137
35396334303662383230306637343164366130393232306536383439626663643833666632346436
61333233623866626132613864396265636635306330316231646338653461353737316239646530
63646238313430616439396138616438663162306263636333643035376437623231373463333834
61346635366263303663626638613363343035376531373939346261396336373535626439633765
37373438663234666530353037333761383539306235333963333731636366363737356332656232
36376663633130396462336136306531326630306563333861336462623235306438643761316165
66646236323534623937643765356262653732383130316364636362313939336361383539303166
33373139626430653264336633616230383638306330613565653836623232343535636433393239
38393665663732376362623939383832643339313231386634633065623564363465343764646131
38343063613066396631623335383434656232393263373239643664626664373664303464363464
38346237363733626538373137623337646465666639666133386439623235373164373934376138
65303462656664643630353336336234343838626366363065373666623339623764616638306332
39643239343563313937653035386663643964313233643733646333313561656665656431336335
66643665313832386563643839353330366337386262313336613438623237626435393638633831
36346334353834613736333532313232623134313166373436393861373838373766323636376536
63326237616235626465643432653962333438383638333766303439633635346538353530346162
39643837326530656133393535626166376131653663346666366263623330663061396231373931
37313737313263643734
